1024 1 1.45997e-09
1024 2 1.45873e-09
1024 4 1.45793e-09
1024 8 1.45838e-09
1024 16 1.45881e-09
1024 32 1.45943e-09
1024 64 1.46001e-09
1024 128 1.45858e-09
1024 256 1.45885e-09
1024 512 1.45844e-09


2048 1 1.45984e-09
2048 2 1.45747e-09
2048 4 1.45632e-09
2048 8 1.4574e-09
2048 16 1.45893e-09
2048 32 1.45862e-09
2048 64 1.45563e-09
2048 128 1.45759e-09
2048 256 1.45767e-09
2048 512 1.45669e-09
2048 1024 1.45615e-09


4096 1 1.45721e-09
4096 2 1.45648e-09
4096 4 1.45639e-09
4096 8 1.45772e-09
4096 16 1.45617e-09
4096 32 1.45768e-09
4096 64 1.4574e-09
4096 128 1.45825e-09
4096 256 1.45753e-09
4096 512 1.45657e-09
4096 1024 1.45647e-09
4096 2048 1.45602e-09


8192 1 1.46338e-09
8192 2 1.46666e-09
8192 4 1.47125e-09
8192 8 1.45542e-09
8192 16 1.45784e-09
8192 32 1.45696e-09
8192 64 1.45822e-09
8192 128 1.45999e-09
8192 256 1.45628e-09
8192 512 1.45761e-09
8192 1024 1.45682e-09
8192 2048 1.45567e-09
8192 4096 1.4577e-09


16384 1 1.46187e-09
16384 2 1.46937e-09
16384 4 1.70513e-09
16384 8 1.95078e-09
16384 16 2.47801e-09
16384 32 2.75856e-09
16384 64 3.59377e-09
16384 128 5.47488e-09
16384 256 5.47248e-09
16384 512 5.47336e-09
16384 1024 5.46788e-09
16384 2048 1.4569e-09
16384 4096 1.4574e-09
16384 8192 1.45499e-09


32768 1 1.46293e-09
32768 2 1.46893e-09
32768 4 1.70855e-09
32768 8 1.95666e-09
32768 16 2.4915e-09
32768 32 2.7783e-09
32768 64 3.63272e-09
32768 128 5.55581e-09
32768 256 5.6408e-09
32768 512 5.80765e-09
32768 1024 6.15466e-09
32768 2048 6.14747e-09
32768 4096 2.13064e-09
32768 8192 1.45618e-09
32768 16384 1.45489e-09


65536 1 1.46103e-09
65536 2 1.47119e-09
65536 4 1.7058e-09
65536 8 1.9577e-09
65536 16 2.48751e-09
65536 32 2.77708e-09
65536 64 3.64408e-09
65536 128 5.5512e-09
65536 256 5.64031e-09
65536 512 5.81208e-09
65536 1024 6.14718e-09
65536 2048 6.15516e-09
65536 4096 6.14625e-09
65536 8192 2.13063e-09
65536 16384 1.45569e-09
65536 32768 1.45565e-09


131072 1 1.46117e-09
131072 2 1.47132e-09
131072 4 1.70614e-09
131072 8 1.95798e-09
131072 16 2.48621e-09
131072 32 2.77857e-09
131072 64 3.63477e-09
131072 128 5.557e-09
131072 256 5.64055e-09
131072 512 5.81209e-09
131072 1024 6.14649e-09
131072 2048 6.15552e-09
131072 4096 6.14628e-09
131072 8192 6.14658e-09
131072 16384 2.12839e-09
131072 32768 1.45721e-09
131072 65536 1.45786e-09


262144 1 1.46247e-09
262144 2 1.47037e-09
262144 4 1.7102e-09
262144 8 1.95748e-09
262144 16 2.49304e-09
262144 32 2.78349e-09
262144 64 3.63922e-09
262144 128 5.55745e-09
262144 256 5.64232e-09
262144 512 5.8094e-09
262144 1024 6.15731e-09
262144 2048 6.14825e-09
262144 4096 6.14899e-09
262144 8192 6.14852e-09
262144 16384 6.14667e-09
262144 32768 2.12876e-09
262144 65536 1.46027e-09
262144 131072 1.45438e-09


524288 1 1.4644e-09
524288 2 1.47526e-09
524288 4 1.71848e-09
524288 8 1.97377e-09
524288 16 2.54893e-09
524288 32 2.91678e-09
524288 64 4.04495e-09
524288 128 5.79937e-09
524288 256 6.11275e-09
524288 512 6.75118e-09
524288 1024 7.54058e-09
524288 2048 7.54294e-09
524288 4096 7.5455e-09
524288 8192 7.55313e-09
524288 16384 7.54586e-09
524288 32768 7.54482e-09
524288 65536 3.72177e-09
524288 131072 1.45765e-09
524288 262144 1.45561e-09


1048576 1 1.46259e-09
1048576 2 1.4704e-09
1048576 4 1.71258e-09
1048576 8 1.96279e-09
1048576 16 2.51311e-09
1048576 32 2.83625e-09
1048576 64 3.81866e-09
1048576 128 5.63958e-09
1048576 256 5.79646e-09
1048576 512 6.11117e-09
1048576 1024 6.5099e-09
1048576 2048 6.51327e-09
1048576 4096 6.50156e-09
1048576 8192 6.51282e-09
1048576 16384 6.51219e-09
1048576 32768 6.5217e-09
1048576 65536 6.59478e-09
1048576 131072 1.45759e-09
1048576 262144 1.45749e-09
1048576 524288 1.45778e-09


2097152 1 1.70123e-09
2097152 2 2.57109e-09
2097152 4 4.96094e-09
2097152 8 9.54938e-09
2097152 16 1.92963e-08
2097152 32 4.4359e-08
2097152 64 6.20334e-08
2097152 128 9.83176e-08
2097152 256 9.85432e-08
2097152 512 9.67622e-08
2097152 1024 9.68256e-08
2097152 2048 6.76458e-08
2097152 4096 6.22964e-08
2097152 8192 5.95803e-08
2097152 16384 5.83475e-08
2097152 32768 5.91276e-08
2097152 65536 2.26552e-08
2097152 131072 5.46858e-09
2097152 262144 1.45673e-09
2097152 524288 1.45662e-09
2097152 1048576 1.4584e-09


4194304 1 1.72888e-09
4194304 2 2.73673e-09
4194304 4 5.14385e-09
4194304 8 1.00826e-08
4194304 16 2.10984e-08
4194304 32 4.89323e-08
4194304 64 7.03547e-08
4194304 128 1.15968e-07
4194304 256 1.15888e-07
4194304 512 1.11271e-07
4194304 1024 1.11907e-07
4194304 2048 1.02614e-07
4194304 4096 1.01552e-07
4194304 8192 1.00821e-07
4194304 16384 1.00749e-07
4194304 32768 1.01273e-07
4194304 65536 1.00535e-07
4194304 131072 5.90727e-08
4194304 262144 5.4777e-09
4194304 524288 1.45677e-09
4194304 1048576 1.45652e-09
4194304 2097152 1.45704e-09


8388608 1 1.73079e-09
8388608 2 2.77054e-09
8388608 4 5.27255e-09
8388608 8 1.00687e-08
8388608 16 2.12182e-08
8388608 32 4.93345e-08
8388608 64 7.06749e-08
8388608 128 1.1218e-07
8388608 256 1.1055e-07
8388608 512 1.10489e-07
8388608 1024 1.11108e-07
8388608 2048 1.07742e-07
8388608 4096 1.07666e-07
8388608 8192 1.06911e-07
8388608 16384 1.07337e-07
8388608 32768 1.1105e-07
8388608 65536 1.11631e-07
8388608 131072 1.11649e-07
8388608 262144 8.35993e-08
8388608 524288 5.54711e-09
8388608 1048576 1.45666e-09
8388608 2097152 1.45638e-09
8388608 4194304 1.45749e-09


16777216 1 1.81507e-09
16777216 2 3.20271e-09
16777216 4 5.94325e-09
16777216 8 1.00944e-08
16777216 16 2.06936e-08
16777216 32 4.89194e-08
16777216 64 6.86767e-08
16777216 128 1.10346e-07
16777216 256 1.11289e-07
16777216 512 1.12418e-07
16777216 1024 1.17295e-07
16777216 2048 1.14031e-07
16777216 4096 1.13867e-07
16777216 8192 1.11053e-07
16777216 16384 1.09961e-07
16777216 32768 1.09878e-07
16777216 65536 1.09561e-07
16777216 131072 1.09844e-07
16777216 262144 1.1164e-07
16777216 524288 8.6884e-08
16777216 1048576 6.13579e-09
16777216 2097152 1.45811e-09
16777216 4194304 1.45796e-09
16777216 8388608 1.45793e-09


